1.5800 9.4900 78.5200 3.3000 20.0000 10800.0000 1.0000
1.6800 9.4300 75.4900 3.3000 20.0000 10800.0000 1.0000
1.8100 9.2800 75.4300 3.3000 20.0000 10800.0000 1.0000
1.9600 12.1100 76.0000 3.3000 20.0000 10800.0000 1.0000
2.7400 12.8800 73.0600 3.3000 20.0000 10800.0000 1.0000
2.6800 12.4300 75.5700 3.3000 20.0000 10800.0000 1.0000
2.8400 12.5400 77.6400 3.3000 20.0000 10800.0000 1.0000
3.0600 12.2300 77.3800 3.3000 20.0000 10800.0000 1.0000
3.3300 11.7600 71.5200 3.3000 20.0000 10800.0000 1.0000
3.7800 11.7800 77.9500 3.3000 20.0000 10800.0000 1.0000
4.1400 12.2500 85.7300 3.3000 20.0000 10800.0000 1.0000
4.3000 12.3800 87.2400 3.3000 20.0000 10800.0000 1.0000
4.3900 10.8000 93.9400 3.3000 20.0000 10800.0000 1.0000
3.6800 11.8300 101.7400 3.3000 20.0000 10800.0000 1.0000
4.1000 12.0000 105.4500 3.3000 20.0000 10800.0000 1.0000
3.3700 11.4100 116.3500 3.3000 20.0000 10800.0000 1.0000
3.3200 9.2100 126.4000 3.3000 20.0000 10800.0000 1.0000
